0
//EventName              DropZen   ItemDropRate   ItemDropCount   SetItemDropRate   ItemDropType   Fireworks	
"Selupan"		 100000 	100		4	         0		  0	        0
end

1
//Section   Type   MinLevel   MaxLevel   Skill   Luck   Option   Excellent

end
2
//Section   Type   MinLevel   MaxLevel   Skill   Luck   Option   Excellent   SetOption   SocketOption   
//SETS S4 CON LUCK

//7           45     9          13         0       1      0        2           0           2
//7           46     9          13         0       1      0        2           0           2
//7           49     9          13         0       1      0        2           0           2
//7           50     9          13         0       1      0        2           0           2
//7           51     9          13         0       1      0        2           0           2
//7           52     9          13         0       1      0        2           0           2
//7           53     9          13         0       1      0        2           0           2
//8           45     9          13         0       1      0        2           0           2
//8           46     9          13         0       1      0        2           0           2
//8           47     9          13         0       1      0        2           0           2
//8           48     9          13         0       1      0        2           0           2
//8           49     9          13         0       1      0        2           0           2
//8           50     9          13         0       1      0        2           0           2
//8           51     9          13         0       1      0        2           0           2
//8           52     9          13         0       1      0        2           0           2
//8           53     9          13         0       1      0        2           0           2
//9           45     9          13         0       1      0        2           0           2
//9           46     9          13         0       1      0        2           0           2
//9           47     9          13         0       1      0        2           0           2
//9           48     9          13         0       1      0        2           0           2
//9           49     9          13         0       1      0        2           0           2
//9           50     9          13         0       1      0        2           0           2
//9           51     9          13         0       1      0        2           0           2
//9           52     9          13         0       1      0        2           0           2
//9           53     9          13         0       1      0        2           0           2
//10          45     9          13         0       1      0        2           0           2
//10          46     9          13         0       1      0        2           0           2
//10          47     9          13         0       1      0        2           0           2
//10          48     9          13         0       1      0        2           0           2
//10          49     9          13         0       1      0        2           0           2
//10          50     9          13         0       1      0        2           0           2
//10          51     9          13         0       1      0        2           0           2
//10          52     9          13         0       1      0        2           0           2
//10          53     9          13         0       1      0        2           0           2
//11          45     9          13         0       1      0        2           0           2
//11          46     9          13         0       1      0        2           0           2
//11          47     9          13         0       1      0        2           0           2
//11          48     9          13         0       1      0        2           0           2
//11          49     9          13         0       1      0        2           0           2
//11          50     9          13         0       1      0        2           0           2
//11          51     9          13         0       1      0        2           0           2
//11          52     9          13         0       1      0        2           0           2
//11          53     9          13         0       1      0        2           0           2
//7           45     9          13         0       1      0        2           0           3
//7           46     9          13         0       1      0        2           0           3
//7           49     9          13         0       1      0        2           0           3
//7           50     9          13         0       1      0        2           0           3
//7           51     9          13         0       1      0        2           0           3
//7           52     9          13         0       1      0        2           0           3
//7           53     9          13         0       1      0        2           0           3
//8           45     9          13         0       1      0        2           0           3
//8           46     9          13         0       1      0        2           0           3
//8           47     9          13         0       1      0        2           0           3
//8           48     9          13         0       1      0        2           0           3
//8           49     9          13         0       1      0        2           0           3
//8           50     9          13         0       1      0        2           0           3
//8           51     9          13         0       1      0        2           0           3
//8           52     9          13         0       1      0        2           0           3
//8           53     9          13         0       1      0        2           0           3
//9           45     9          13         0       1      0        2           0           3
//9           46     9          13         0       1      0        2           0           3
//9           47     9          13         0       1      0        2           0           3
//9           48     9          13         0       1      0        2           0           3
//9           49     9          13         0       1      0        2           0           3
//9           50     9          13         0       1      0        2           0           3
//9           51     9          13         0       1      0        2           0           3
//9           52     9          13         0       1      0        2           0           3
//9           53     9          13         0       1      0        2           0           3
//10          45     9          13         0       1      0        2           0           3
//10          46     9          13         0       1      0        2           0           3
//10          47     9          13         0       1      0        2           0           3
//10          48     9          13         0       1      0        2           0           3
//10          49     9          13         0       1      0        2           0           3
//10          50     9          13         0       1      0        2           0           3
//10          51     9          13         0       1      0        2           0           3
//10          52     9          13         0       1      0        2           0           3
//10          53     9          13         0       1      0        2           0           3
//11          45     9          13         0       1      0        2           0           3
//11          46     9          13         0       1      0        2           0           3
//11          47     9          13         0       1      0        2           0           3
//11          48     9          13         0       1      0        2           0           3
//11          49     9          13         0       1      0        2           0           3
//11          50     9          13         0       1      0        2           0           3
//11          51     9          13         0       1      0        2           0           3
//11          52     9          13         0       1      0        2           0           3
//11          53     9          13         0       1      0        2           0           3
//7           45     9          13         0       1      0        3           0           2
//7           46     9          13         0       1      0        3           0           2
//7           49     9          13         0       1      0        3           0           2
//7           50     9          13         0       1      0        3           0           2
//7           51     9          13         0       1      0        3           0           2
//7           52     9          13         0       1      0        3           0           2
//7           53     9          13         0       1      0        3           0           2
//8           45     9          13         0       1      0        3           0           2
//8           46     9          13         0       1      0        3           0           2
//8           47     9          13         0       1      0        3           0           2
//8           48     9          13         0       1      0        3           0           2
//8           49     9          13         0       1      0        3           0           2
//8           50     9          13         0       1      0        3           0           2
//8           51     9          13         0       1      0        3           0           2
//8           52     9          13         0       1      0        3           0           2
//8           53     9          13         0       1      0        3           0           2
//9           45     9          13         0       1      0        3           0           2
//9           46     9          13         0       1      0        3           0           2
//9           47     9          13         0       1      0        3           0           2
//9           48     9          13         0       1      0        3           0           2
//9           49     9          13         0       1      0        3           0           2
//9           50     9          13         0       1      0        3           0           2
//9           51     9          13         0       1      0        3           0           2
//9           52     9          13         0       1      0        3           0           2
//9           53     9          13         0       1      0        3           0           2
//10          45     9          13         0       1      0        3           0           2
//10          46     9          13         0       1      0        3           0           2
//10          47     9          13         0       1      0        3           0           2
//10          48     9          13         0       1      0        3           0           2
//10          49     9          13         0       1      0        3           0           2
//10          50     9          13         0       1      0        3           0           2
//10          51     9          13         0       1      0        3           0           2
//10          52     9          13         0       1      0        3           0           2
//10          53     9          13         0       1      0        3           0           2
//11          45     9          13         0       1      0        3           0           2
//11          46     9          13         0       1      0        3           0           2
//11          47     9          13         0       1      0        3           0           2
//11          48     9          13         0       1      0        3           0           2
//11          49     9          13         0       1      0        3           0           2
//11          50     9          13         0       1      0        3           0           2
//11          51     9          13         0       1      0        3           0           2
//11          52     9          13         0       1      0        3           0           2
//11          53     9          13         0       1      0        3           0           2
//7           45     9          13         0       1      0        3           0           3
//7           46     9          13         0       1      0        3           0           3
//7           49     9          13         0       1      0        3           0           3
//7           50     9          13         0       1      0        3           0           3
//7           51     9          13         0       1      0        3           0           3
//7           52     9          13         0       1      0        3           0           3
//7           53     9          13         0       1      0        3           0           3
//8           45     9          13         0       1      0        3           0           3
//8           46     9          13         0       1      0        3           0           3
//8           47     9          13         0       1      0        3           0           3
//8           48     9          13         0       1      0        3           0           3
//8           49     9          13         0       1      0        3           0           3
//8           50     9          13         0       1      0        3           0           3
//8           51     9          13         0       1      0        3           0           3
//8           52     9          13         0       1      0        3           0           3
//8           53     9          13         0       1      0        3           0           3
//9           45     9          13         0       1      0        3           0           3
//9           46     9          13         0       1      0        3           0           3
//9           47     9          13         0       1      0        3           0           3
//9           48     9          13         0       1      0        3           0           3
//9           49     9          13         0       1      0        3           0           3
//9           50     9          13         0       1      0        3           0           3
//9           51     9          13         0       1      0        3           0           3
//9           52     9          13         0       1      0        3           0           3
//9           53     9          13         0       1      0        3           0           3
//10          45     9          13         0       1      0        3           0           3
//10          46     9          13         0       1      0        3           0           3
//10          47     9          13         0       1      0        3           0           3
//10          48     9          13         0       1      0        3           0           3
//10          49     9          13         0       1      0        3           0           3
//10          50     9          13         0       1      0        3           0           3
//10          51     9          13         0       1      0        3           0           3
//10          52     9          13         0       1      0        3           0           3
//10          53     9          13         0       1      0        3           0           3
//11          45     9          13         0       1      0        3           0           3
//11          46     9          13         0       1      0        3           0           3
//11          47     9          13         0       1      0        3           0           3
//11          48     9          13         0       1      0        3           0           3
//11          49     9          13         0       1      0        3           0           3
//11          50     9          13         0       1      0        3           0           3
//11          51     9          13         0       1      0        3           0           3
//11          52     9          13         0       1      0        3           0           3
//11          53     9          13         0       1      0        3           0           3
////ESCUDOS
//6           21     9          13         0       0      0        1           0           0
//6           20     9          13         0       0      0        1           0           1
//6           19     9          13         0       0      0        1           0           1
//6           18     9          13         0       0      0        1           0           1
//6           17     9          13         0       0      0        1           0           1
//6           21     9          13         1       0      0        1           0           0
//6           20     9          13         1       0      0        1           0           1
//6           19     9          13         1       0      0        1           0           1
//6           18     9          13         1       0      0        1           0           1
//6           17     9          13         1       0      0        1           0           1
//6           21     9          13         0       1      0        1           0           0
//6           20     9          13         0       1      0        1           0           1
//6           19     9          13         0       1      0        1           0           1
//6           18     9          13         0       1      0        1           0           1
//6           17     9          13         0       1      0        1           0           1
//6           21     9          13         1       1      0        1           0           0
//6           20     9          13         1       1      0        1           0           1
//6           19     9          13         1       1      0        1           0           1
//6           18     9          13         1       1      0        1           0           1
//6           17     9          13         1       1      0        1           0           1
//6           21     9          13         0       0      0        1           1           0
//6           20     9          13         0       0      0        1           1           1
//6           19     9          13         0       0      0        1           1           1
//6           18     9          13         0       0      0        1           1           1
//6           17     9          13         0       0      0        1           1           1
//6           21     9          13         1       0      0        1           1           0
//6           20     9          13         1       0      0        1           1           1
//6           19     9          13         1       0      0        1           1           1
//6           18     9          13         1       0      0        1           1           1
//6           17     9          13         1       0      0        1           1           1
//6           21     9          13         0       1      0        1           1           0
//6           20     9          13         0       1      0        1           1           1
//6           19     9          13         0       1      0        1           1           1
//6           18     9          13         0       1      0        1           1           1
//6           17     9          13         0       1      0        1           1           1
//6           21     9          13         1       1      0        1           1           0
//6           20     9          13         1       1      0        1           1           1
//6           19     9          13         1       1      0        1           1           1
//6           18     9          13         1       1      0        1           1           1
//6           17     9          13         1       1      0        1           1           1
//6           21     9          13         0       0      0        1           2           0
//6           20     9          13         0       0      0        1           2           1
//6           19     9          13         0       0      0        1           2           1
//6           18     9          13         0       0      0        1           2           1
//6           17     9          13         0       0      0        1           2           1
//6           21     9          13         1       0      0        1           2           0
//6           20     9          13         1       0      0        1           2           1
//6           19     9          13         1       0      0        1           2           1
//6           18     9          13         1       0      0        1           2           1
//6           17     9          13         1       0      0        1           2           1
//6           21     9          13         0       1      0        1           2           0
//6           20     9          13         0       1      0        1           2           1
//6           19     9          13         0       1      0        1           2           1
//6           18     9          13         0       1      0        1           2           1
//6           17     9          13         0       1      0        1           2           1
//6           21     9          13         1       1      0        1           2           0
//6           20     9          13         1       1      0        1           2           1
//6           19     9          13         1       1      0        1           2           1
//6           18     9          13         1       1      0        1           2           1
//6           17     9          13         1       1      0        1           2           1
//6           21     9          13         0       0      0        1           3           0
//6           20     9          13         0       0      0        1           3           1
//6           19     9          13         0       0      0        1           3           1
//6           18     9          13         0       0      0        1           3           1
//6           17     9          13         0       0      0        1           3           1
//6           21     9          13         1       0      0        1           3           0
//6           20     9          13         1       0      0        1           3           1
//6           19     9          13         1       0      0        1           3           1
//6           18     9          13         1       0      0        1           3           1
//6           17     9          13         1       0      0        1           3           1
//6           21     9          13         0       1      0        1           3           0
//6           20     9          13         0       1      0        1           3           1
//6           19     9          13         0       1      0        1           3           1
//6           18     9          13         0       1      0        1           3           1
//6           17     9          13         0       1      0        1           3           1
//6           21     9          13         1       1      0        1           3           0
//6           20     9          13         1       1      0        1           3           1
//6           19     9          13         1       1      0        1           3           1
//6           18     9          13         1       1      0        1           3           1
//6           17     9          13         1       1      0        1           3           1
//6           21     9          13         0       0      0        1           0           0
//6           20     9          13         0       0      0        1           0           2
//6           19     9          13         0       0      0        1           0           2
//6           18     9          13         0       0      0        1           0           2
//6           17     9          13         0       0      0        1           0           2
//6           21     9          13         1       0      0        1           0           0
//6           20     9          13         1       0      0        1           0           2
//6           19     9          13         1       0      0        1           0           2
//6           18     9          13         1       0      0        1           0           2
//6           17     9          13         1       0      0        1           0           2
//6           21     9          13         0       1      0        1           0           0
//6           20     9          13         0       1      0        1           0           2
//6           19     9          13         0       1      0        1           0           2
//6           18     9          13         0       1      0        1           0           2
//6           17     9          13         0       1      0        1           0           2
//6           21     9          13         1       1      0        1           0           0
//6           20     9          13         1       1      0        1           0           2
//6           19     9          13         1       1      0        1           0           2
//6           18     9          13         1       1      0        1           0           2
//6           17     9          13         1       1      0        1           0           2
//6           21     9          13         0       0      0        1           1           0
//6           20     9          13         0       0      0        1           1           2
//6           19     9          13         0       0      0        1           1           2
//6           18     9          13         0       0      0        1           1           2
//6           17     9          13         0       0      0        1           1           2
//6           21     9          13         1       0      0        1           1           0
//6           20     9          13         1       0      0        1           1           2
//6           19     9          13         1       0      0        1           1           2
//6           18     9          13         1       0      0        1           1           2
//6           17     9          13         1       0      0        1           1           2
//6           21     9          13         0       1      0        1           1           0
//6           20     9          13         0       1      0        1           1           2
//6           19     9          13         0       1      0        1           1           2
//6           18     9          13         0       1      0        1           1           2
//6           17     9          13         0       1      0        1           1           2
//6           21     9          13         1       1      0        1           1           0
//6           20     9          13         1       1      0        1           1           2
//6           19     9          13         1       1      0        1           1           2
//6           18     9          13         1       1      0        1           1           2
//6           17     9          13         1       1      0        1           1           2
//6           21     9          13         0       0      0        1           2           0
//6           20     9          13         0       0      0        1           2           2
//6           19     9          13         0       0      0        1           2           2
//6           18     9          13         0       0      0        1           2           2
//6           17     9          13         0       0      0        1           2           2
//6           21     9          13         1       0      0        1           2           0
//6           20     9          13         1       0      0        1           2           2
//6           19     9          13         1       0      0        1           2           2
//6           18     9          13         1       0      0        1           2           2
//6           17     9          13         1       0      0        1           2           2
//6           21     9          13         0       1      0        1           2           0
//6           20     9          13         0       1      0        1           2           2
//6           19     9          13         0       1      0        1           2           2
//6           18     9          13         0       1      0        1           2           2
//6           17     9          13         0       1      0        1           2           2
//6           21     9          13         1       1      0        1           2           0
//6           20     9          13         1       1      0        1           2           2
//6           19     9          13         1       1      0        1           2           2
//6           18     9          13         1       1      0        1           2           2
//6           17     9          13         1       1      0        1           2           2
//6           21     9          13         0       0      0        1           3           0
//6           20     9          13         0       0      0        1           3           2
//6           19     9          13         0       0      0        1           3           2
//6           18     9          13         0       0      0        1           3           2
//6           17     9          13         0       0      0        1           3           2
//6           21     9          13         1       0      0        1           3           0
//6           20     9          13         1       0      0        1           3           2
//6           19     9          13         1       0      0        1           3           2
//6           18     9          13         1       0      0        1           3           2
//6           17     9          13         1       0      0        1           3           2
//6           21     9          13         0       1      0        1           3           0
//6           20     9          13         0       1      0        1           3           2
//6           19     9          13         0       1      0        1           3           2
//6           18     9          13         0       1      0        1           3           2
//6           17     9          13         0       1      0        1           3           2
//6           21     9          13         1       1      0        1           3           0
//6           20     9          13         1       1      0        1           3           2
//6           19     9          13         1       1      0        1           3           2
//6           18     9          13         1       1      0        1           3           2
//6           17     9          13         1       1      0        1           3           2
end
